61333	531	440	214	1	1	1
63942	509	441	212	2	2	1
66189	507	441	212	3	3	1
68604	491	442	211	4	4	1
70892	467	442	207	5	5	1
73039	469	442	201	6	6	1
75446	466	442	200	7	7	1
77932	459	442	207	8	8	1
80167	475	442	221	9	9	1
82240	484	442	238	10	10	1
84259	472	442	250	11	11	1
86287	490	442	254	12	12	1
88305	489	443	255	13	13	1
90353	471	443	253	14	14	1
96760	463	443	257	15	1	2
98819	482	444	261	16	2	2
100817	484	444	265	17	3	2
102916	469	444	270	18	4	2
105056	485	444	275	19	5	2
107074	485	444	277	20	6	2
109359	468	445	279	21	7	2
111466	477	445	266	22	8	2
113584	479	445	249	23	9	2
115840	475	445	240	24	10	2
117937	491	445	237	25	11	2
120024	502	445	235	26	12	2
122082	502	446	232	27	13	2
124130	527	447	231	28	14	2
129318	513	449	233	29	1	3
131566	492	449	236	30	2	3
133974	489	450	237	31	3	3
136240	478	451	236	32	4	3
138587	475	451	237	33	5	3
141003	482	452	233	34	6	3
143339	479	452	229	35	7	3
145767	475	452	235	36	8	3
148034	485	452	250	37	9	3
150201	478	452	262	38	10	3
152240	460	452	270	39	11	3
154268	470	452	278	40	12	3
156345	465	452	280	41	13	3
158364	455	452	280	42	14	3
163221	445	453	288	43	1	4
165318	449	453	292	44	2	4
167357	458	453	294	45	3	4
169454	453	454	299	46	4	4
171581	472	454	300	47	5	4
173704	483	454	300	48	6	4
175752	474	454	296	49	7	4
177850	477	454	285	50	8	4
179928	477	454	272	51	9	4
182075	470	455	265	52	10	4
184083	467	455	263	53	11	4
186092	480	455	260	54	12	4
188110	483	455	259	55	13	4
190228	505	456	256	56	14	4
195095	502	457	255	57	1	5
197423	491	459	253	58	2	5
199740	486	460	249	59	3	5
202295	470	460	251	60	4	5
204582	472	460	249	61	5	5
206960	473	461	242	62	6	5
209487	474	461	233	63	7	5
211926	473	461	231	64	8	5
214122	483	460	240	65	9	5
216352	474	460	252	66	10	5
218380	460	460	262	67	11	5
220546	463	460	270	68	12	5
222644	452	460	272	69	13	5
224701	444	459	270	70	14	5
230532	450	459	280	71	1	6
232601	457	459	283	72	2	6
234590	468	459	280	73	3	6
236618	465	460	285	74	4	6
238706	472	460	284	75	5	6
240883	475	459	285	76	6	6
243059	467	459	281	77	7	6
245245	465	459	269	78	8	6
247297	464	458	258	79	9	6
249383	474	458	249	80	10	6
251412	470	458	247	81	11	6
253530	487	458	246	82	12	6
255538	494	458	245	83	13	6
257655	501	458	245	84	14	6
262587	496	460	250	85	1	7
264793	493	460	248	86	2	7
266890	487	461	247	87	3	7
269086	469	462	247	88	4	7
271571	469	462	244	89	5	7
273778	455	462	239	90	6	7
276143	454	462	234	91	7	7
278408	455	461	236	92	8	7
280467	467	461	246	93	9	7
282683	464	461	258	94	10	7
284711	463	461	268	95	11	7
286779	469	461	274	96	12	7
288836	458	460	277	97	13	7
290884	453	460	275	98	14	7
295811	457	460	284	99	1	8
297859	461	461	285	100	2	8
299916	472	461	284	101	3	8
301993	465	461	284	102	4	8
304021	466	461	285	103	5	8
306094	469	461	282	104	6	8
308290	455	461	279	105	7	8
310407	456	461	272	106	8	8
312444	457	461	262	107	9	8
314595	470	461	253	108	10	8
316623	469	460	253	109	11	8
318830	487	460	255	110	12	8
320948	493	461	259	111	13	8
322995	497	461	262	112	14	8
328129	497	462	269	113	1	9
330384	496	463	269	114	2	9
332392	492	464	267	115	3	9
334520	474	465	268	116	4	9
336795	479	465	263	117	5	9
338992	464	465	256	118	6	9
341327	462	465	252	119	7	9
343543	465	465	252	120	8	9
345680	477	465	256	121	9	9
348111	471	465	263	122	10	9
350367	473	465	273	123	11	9
352613	478	466	279	124	12	9
354612	466	466	280	125	13	9
356660	463	466	282	126	14	9
361595	467	466	289	127	1	10
363633	468	467	292	128	2	10
365603	479	467	296	129	3	10
367751	480	467	299	130	4	10
369818	482	468	302	131	5	10
372025	489	468	300	132	6	10
374083	477	468	297	133	7	10
376111	473	468	291	134	8	10
378188	474	468	279	135	9	10
380276	484	468	269	136	10	10
382353	474	468	267	137	11	10
384393	489	468	269	138	12	10
386485	493	468	271	139	13	10
388591	490	468	274	140	14	10
393479	489	469	277	141	1	11
395496	480	469	277	142	2	11
397523	476	470	273	143	3	11
399661	467	470	268	144	4	11
401847	477	470	257	145	5	11
404034	474	470	251	146	6	11
406160	477	470	247	147	7	11
408367	480	470	249	148	8	11
410464	493	470	253	149	9	11
412600	482	470	261	150	10	11
414627	471	470	270	151	11	11
416666	471	470	275	152	12	11
418746	459	470	273	153	13	11
420804	459	469	273	154	14	11
425702	458	469	276	155	1	12
427799	456	469	281	156	2	12
429891	469	469	284	157	3	12
432048	470	469	285	158	4	12
434036	480	469	288	159	5	12
436153	492	469	289	160	6	12
438180	479	469	287	161	7	12
440258	477	469	285	162	8	12
442266	475	469	279	163	9	12
444295	478	469	272	164	10	12
446303	466	469	270	165	11	12
448330	476	469	271	166	12	12
450380	477	468	275	167	13	12
452409	484	468	276	168	14	12
457147	480	469	272	169	1	13
459205	484	469	274	170	2	13
461411	486	469	276	171	3	13
463776	475	470	277	172	4	13
466014	482	470	271	173	5	13
468304	475	470	265	174	6	13
470312	470	470	263	175	7	13
472459	475	470	268	176	8	13
474795	486	470	278	177	9	13
477100	477	470	288	178	10	13
479455	476	470	293	179	11	13
481582	476	470	297	180	12	13
483678	464	470	296	181	13	13
485708	463	470	294	182	14	13
490713	459	470	299	183	1	14
492761	461	470	300	184	2	14
494789	472	470	304	185	3	14
496906	466	470	308	186	4	14
498964	462	470	306	187	5	14
501042	468	470	305	188	6	14
503229	457	470	302	189	7	14
505395	453	470	296	190	8	14
507472	463	470	296	191	9	14
509683	474	470	287	192	10	14
511731	471	470	285	193	11	14
513760	483	470	287	194	12	14
515867	480	470	292	195	13	14
517888	477	470	295	196	14	14
522804	471	470	301	197	1	15
525020	472	471	301	198	2	15
527226	478	471	295	199	3	15
529404	465	472	289	200	4	15
531551	466	472	283	201	5	15
533807	455	472	280	202	6	15
535993	445	472	278	203	7	15
538477	444	472	280	204	8	15
540654	457	472	281	205	9	15
542800	455	472	289	206	10	15
545036	456	472	296	207	11	15
547263	464	472	303	208	12	15
549522	455	472	306	209	13	15
551806	453	472	309	210	14	15
557131	450	472	315	211	1	16
559219	452	472	313	212	2	16
561307	461	472	310	213	3	16
563376	454	472	304	214	4	16
565523	454	472	301	215	5	16
567532	454	472	294	216	6	16
569562	443	472	287	217	7	16
571560	444	472	281	218	8	16
573609	452	471	273	219	9	16
575598	464	471	262	220	10	16
577686	465	471	256	221	11	16
579734	476	471	257	222	12	16
581841	470	470	259	223	13	16
583958	471	470	265	224	14	16
589073	472	471	263	225	1	17
591111	469	471	262	226	2	17
593353	478	471	264	227	3	17
595560	471	472	263	228	4	17
597767	473	472	258	229	5	17
599973	464	472	250	230	6	17
602251	454	472	246	231	7	17
604259	452	472	246	232	8	17
606298	463	471	245	233	9	17
608316	461	471	249	234	10	17
610375	456	471	255	235	11	17
612492	462	471	263	236	12	17
614580	454	471	271	237	13	17
616638	451	471	275	238	14	17
621941	451	471	288	239	1	18
624059	453	471	288	240	2	18
626149	459	471	292	241	3	18
628267	454	471	294	242	4	18
630345	463	471	295	243	5	18
632586	472	471	297	244	6	18
634595	462	471	297	245	7	18
636832	463	471	289	246	8	18
638950	475	471	280	247	9	18
641056	476	471	274	248	10	18
643065	470	471	271	249	11	18
645084	475	471	270	250	12	18
647113	466	470	271	251	13	18
649122	470	470	273	252	14	18
654187	468	471	274	253	1	19
656325	462	471	275	254	2	19
658453	473	471	277	255	3	19
660791	468	472	276	256	4	19
663227	475	472	275	257	5	19
665475	478	472	272	258	6	19
667752	468	472	276	259	7	19
670057	464	472	281	260	8	19
672214	472	472	287	261	9	19
674405	463	473	292	262	10	19
676743	449	472	301	263	11	19
679118	456	472	306	264	12	19
681384	453	472	312	265	13	19
683611	451	472	313	266	14	19
688557	460	472	318	267	1	20
690605	466	472	321	268	2	20
692634	466	473	320	269	3	20
694960	456	473	321	270	4	20
696990	468	473	320	271	5	20
699088	477	473	317	272	6	20
701147	467	473	315	273	7	20
703225	471	473	312	274	8	20
705254	485	474	308	275	9	20
707262	486	474	302	276	10	20
709320	482	474	295	277	11	20
711329	488	474	290	278	12	20
713402	477	474	287	279	13	20
715430	481	474	289	280	14	20
720375	496	474	287	281	1	21
722503	492	475	285	282	2	21
724880	501	475	284	283	3	21
727258	495	476	282	284	4	21
729746	485	476	269	285	5	21
731853	483	476	260	286	6	21
734069	470	476	261	287	7	21
736367	462	476	269	288	8	21
738783	477	475	276	289	9	21
741069	480	475	282	290	10	21
743467	465	475	291	291	11	21
745703	479	474	295	292	12	21
747909	481	474	297	293	13	21
750035	470	474	301	294	14	21
755240	479	474	309	295	1	22
757581	488	474	312	296	2	22
759610	487	474	313	297	3	22
761638	471	474	313	298	4	22
763686	478	474	310	299	5	22
765757	472	473	304	300	6	22
767824	457	473	300	301	7	22
769942	462	473	294	302	8	22
772020	476	472	290	303	9	22
774078	481	472	283	304	10	22
776176	494	472	271	305	11	22
778205	508	472	267	306	12	22
780292	500	472	267	307	13	22
782321	502	472	265	308	14	22
