61570	411	431	229	1	1	1
63623	393	432	226	2	2	1
65660	392	432	223	3	3	1
67678	381	432	220	4	4	1
70092	362	433	220	5	5	1
72725	364	433	212	6	6	1
75158	361	432	209	7	7	1
77700	356	432	217	8	8	1
80102	367	432	232	9	9	1
82376	376	432	251	10	10	1
84762	364	432	261	11	11	1
87205	378	432	264	12	12	1
89311	378	432	263	13	13	1
91475	365	432	260	14	14	1
96857	358	432	259	15	1	2
99031	372	432	261	16	2	2
101028	374	432	266	17	3	2
103193	362	432	272	18	4	2
105280	377	431	273	19	5	2
107474	375	431	276	20	6	2
109714	362	431	277	21	7	2
111929	369	431	264	22	8	2
113957	371	431	250	23	9	2
115996	368	431	242	24	10	2
118064	380	431	239	25	11	2
120092	388	431	237	26	12	2
122189	389	432	236	27	13	2
124286	408	432	237	28	14	2
129600	397	433	237	29	1	3
131727	381	434	237	30	2	3
133775	379	434	240	31	3	3
136032	370	434	241	32	4	3
138437	368	435	242	33	5	3
140976	373	435	240	34	6	3
143331	372	435	236	35	7	3
145678	368	435	238	36	8	3
148083	376	435	252	37	9	3
150588	371	435	263	38	10	3
152903	355	435	270	39	11	3
155143	362	434	277	40	12	3
157249	359	434	281	41	13	3
159277	351	434	279	42	14	3
164233	343	434	283	43	1	4
166370	346	434	278	44	2	4
168476	353	434	279	45	3	4
170594	350	434	281	46	4	4
172809	365	434	283	47	5	4
174908	374	434	282	48	6	4
177163	367	434	279	49	7	4
179300	370	434	267	50	8	4
181339	370	433	250	51	9	4
183397	364	433	241	52	10	4
185454	361	433	237	53	11	4
187541	371	433	236	54	12	4
189579	373	433	234	55	13	4
191746	390	433	233	56	14	4
196769	388	434	229	57	1	5
198828	379	434	227	58	2	5
200909	375	435	227	59	3	5
203096	363	435	228	60	4	5
205452	364	435	228	61	5	5
207946	367	435	224	62	6	5
210503	367	435	219	63	7	5
213468	365	434	222	64	8	5
215832	373	434	232	65	9	5
218018	367	434	242	66	10	5
220194	354	433	250	67	11	5
222272	356	433	253	68	12	5
224319	348	432	255	69	13	5
226377	342	432	255	70	14	5
231451	348	431	259	71	1	6
233759	351	431	260	72	2	6
235995	361	431	262	73	3	6
238083	358	431	266	74	4	6
240160	365	431	269	75	5	6
242277	367	431	270	76	6	6
244500	361	431	267	77	7	6
246677	360	430	259	78	8	6
248754	359	430	250	79	9	6
250852	368	429	246	80	10	6
252949	364	429	246	81	11	6
255106	377	429	246	82	12	6
257282	382	429	246	83	13	6
259418	388	429	245	84	14	6
264830	386	430	243	85	1	7
267307	382	431	243	86	2	7
269324	377	432	243	87	3	7
271372	363	432	242	88	4	7
273737	363	432	241	89	5	7
275983	352	432	238	90	6	7
278250	352	432	235	91	7	7
280386	352	431	236	92	8	7
282456	360	431	244	93	9	7
284582	359	431	251	94	10	7
286848	357	431	258	95	11	7
288959	361	431	263	96	12	7
290987	353	430	267	97	13	7
293044	349	430	272	98	14	7
298178	352	430	276	99	1	8
300403	355	430	276	100	2	8
302450	364	430	276	101	3	8
304675	359	430	275	102	4	8
307009	360	430	275	103	5	8
309314	363	430	276	104	6	8
311441	352	430	275	105	7	8
313460	353	430	270	106	8	8
315587	354	430	260	107	9	8
317607	365	430	254	108	10	8
319685	364	429	253	109	11	8
321762	378	429	255	110	12	8
323800	383	429	258	111	13	8
325877	385	430	262	112	14	8
330694	386	431	264	113	1	9
332766	386	431	263	114	2	9
334784	381	432	263	115	3	9
337070	368	433	263	116	4	9
339235	371	433	259	117	5	9
341282	359	433	253	118	6	9
343557	358	433	250	119	7	9
345683	359	433	250	120	8	9
347800	368	433	255	121	9	9
350066	364	433	262	122	10	9
352232	365	433	271	123	11	9
354427	368	433	273	124	12	9
356664	359	433	276	125	13	9
358929	357	433	277	126	14	9
364231	360	433	285	127	1	10
366477	360	433	286	128	2	10
368556	370	433	283	129	3	10
370633	370	433	284	130	4	10
372799	372	433	286	131	5	10
374930	377	433	284	132	6	10
377076	369	433	278	133	7	10
379144	366	433	274	134	8	10
381181	366	433	261	135	9	10
383258	376	433	252	136	10	10
385289	368	433	248	137	11	10
387326	379	432	247	138	12	10
389384	382	432	248	139	13	10
391421	380	432	248	140	14	10
396286	379	432	248	141	1	11
398345	372	432	246	142	2	11
400402	370	433	246	143	3	11
402440	361	433	246	144	4	11
404696	369	433	242	145	5	11
406900	367	432	239	146	6	11
409088	369	432	235	147	7	11
411552	371	432	240	148	8	11
413659	381	432	243	149	9	11
415828	372	432	249	150	10	11
417887	363	432	254	151	11	11
419954	363	431	258	152	12	11
422002	353	431	258	153	13	11
424060	354	431	262	154	14	11
429006	354	430	265	155	1	12
431182	352	430	267	156	2	12
433190	361	430	269	157	3	12
435219	362	430	271	158	4	12
437306	370	430	271	159	5	12
439422	379	430	271	160	6	12
441529	371	430	269	161	7	12
443577	369	430	269	162	8	12
445683	368	430	262	163	9	12
447712	370	430	255	164	10	12
449769	361	429	252	165	11	12
451786	369	429	253	166	12	12
453900	369	428	257	167	13	12
455927	374	428	261	168	14	12
460982	370	429	261	169	1	13
463030	375	429	264	170	2	13
465246	376	429	266	171	3	13
467641	368	429	264	172	4	13
469995	373	429	261	173	5	13
472399	367	429	255	174	6	13
474664	364	429	253	175	7	13
476820	367	429	255	176	8	13
479077	375	429	258	177	9	13
481311	369	429	265	178	10	13
483557	367	429	269	179	11	13
485702	367	429	273	180	12	13
487949	358	429	279	181	13	13
490226	357	429	281	182	14	13
495350	354	429	286	183	1	14
497442	355	429	287	184	2	14
499617	364	429	289	185	3	14
501685	359	429	291	186	4	14
503712	356	429	292	187	5	14
505868	361	429	292	188	6	14
507906	352	429	291	189	7	14
510022	351	429	288	190	8	14
512129	358	429	283	191	9	14
514166	367	429	277	192	10	14
516194	364	428	274	193	11	14
518232	374	428	275	194	12	14
520269	371	428	278	195	13	14
522319	368	428	281	196	14	14
527047	364	428	281	197	1	15
529134	364	429	282	198	2	15
531221	369	429	281	199	3	15
533328	360	429	280	200	4	15
535454	360	430	278	201	5	15
537714	352	430	276	202	6	15
539921	343	430	276	203	7	15
542047	343	430	277	204	8	15
544153	352	430	279	205	9	15
546191	350	430	283	206	10	15
548238	351	430	288	207	11	15
550265	357	430	293	208	12	15
552373	350	430	296	209	13	15
554459	349	430	296	210	14	15
560071	346	430	295	211	1	16
562189	348	430	298	212	2	16
564345	355	430	300	213	3	16
566503	349	430	301	214	4	16
568888	349	430	299	215	5	16
570937	350	430	298	216	6	16
573124	341	430	290	217	7	16
575212	342	430	283	218	8	16
577453	349	430	274	219	9	16
579529	358	429	267	220	10	16
581627	358	429	264	221	11	16
583665	366	429	265	222	12	16
585694	362	429	264	223	13	16
587731	362	429	269	224	14	16
592936	362	428	263	225	1	17
594984	360	429	259	226	2	17
597071	367	429	258	227	3	17
599228	362	429	254	228	4	17
601365	364	429	248	229	5	17
603661	357	429	241	230	6	17
605927	351	428	240	231	7	17
608113	348	428	250	232	8	17
610380	356	428	253	233	9	17
612408	355	428	255	234	10	17
614723	350	427	259	235	11	17
616810	356	427	264	236	12	17
618941	350	427	269	237	13	17
620998	347	427	271	238	14	17
626166	346	426	275	239	1	18
628207	348	426	275	240	2	18
630294	354	426	276	241	3	18
632432	350	426	277	242	4	18
634568	357	426	276	243	5	18
636587	363	426	277	244	6	18
638615	355	426	276	245	7	18
640653	357	426	274	246	8	18
642760	366	425	269	247	9	18
644857	365	425	264	248	10	18
646895	361	425	255	249	11	18
648964	364	425	254	250	12	18
651001	357	425	257	251	13	18
653030	359	424	261	252	14	18
657808	359	424	264	253	1	19
660070	353	424	261	254	2	19
662118	362	424	260	255	3	19
664195	360	424	257	256	4	19
666223	366	424	250	257	5	19
668310	368	424	249	258	6	19
670367	359	424	251	259	7	19
672604	356	424	257	260	8	19
674750	363	424	263	261	9	19
676967	356	424	269	262	10	19
679024	345	424	274	263	11	19
681181	350	424	277	264	12	19
683257	348	424	279	265	13	19
685384	347	424	279	266	14	19
690538	353	424	268	267	1	20
693042	358	424	270	268	2	20
695228	359	424	276	269	3	20
697288	351	424	281	270	4	20
699317	360	424	283	271	5	20
701617	366	424	284	272	6	20
703725	359	424	282	273	7	20
705911	362	424	284	274	8	20
707969	373	424	281	275	9	20
710056	373	424	276	276	10	20
712075	371	424	269	277	11	20
714124	374	424	266	278	12	20
716151	366	424	268	279	13	20
718309	368	424	271	280	14	20
723452	381	424	272	281	1	21
725609	378	425	271	282	2	21
727965	385	425	269	283	3	21
730141	380	425	264	284	4	21
732349	373	426	262	285	5	21
734654	371	426	263	286	6	21
737069	362	426	267	287	7	21
739234	356	426	271	288	8	21
741543	367	426	276	289	9	21
743641	369	426	281	290	10	21
745677	359	426	285	291	11	21
747933	368	426	290	292	12	21
749962	371	426	294	293	13	21
752029	361	426	295	294	14	21
757764	368	427	274	295	1	22
758810	368	427	276	296	2	22
760907	376	427	285	297	3	22
762956	375	427	290	298	4	22
765195	363	427	293	299	5	22
767234	369	427	293	300	6	22
769390	363	427	292	301	7	22
771488	352	427	291	302	8	22
773565	356	427	288	303	9	22
775623	367	427	285	304	10	22
777632	371	427	275	305	11	22
779710	380	427	271	306	12	22
781792	391	427	269	307	13	22
783860	384	427	267	308	14	22

