61571	534	596	364	1	1	1
64009	511	597	363	2	2	1
66187	511	598	361	3	3	1
68796	494	599	362	4	4	1
70795	470	599	358	5	5	1
73193	472	600	354	6	6	1
75533	469	600	352	7	7	1
77769	462	600	360	8	8	1
79709	477	600	371	9	9	1
81708	488	600	386	10	10	1
83608	475	600	396	11	11	1
85557	493	600	398	12	12	1
87556	492	601	400	13	13	1
89593	475	601	399	14	14	1
94620	466	601	402	15	1	2
96648	484	601	407	16	2	2
98627	487	602	412	17	3	2
100705	471	602	417	18	4	2
102725	489	602	420	19	5	2
104754	488	602	420	20	6	2
107011	471	602	422	21	7	2
109128	479	602	408	22	8	2
111078	482	602	395	23	9	2
113146	478	603	385	24	10	2
115086	494	603	383	25	11	2
117051	504	603	381	26	12	2
119090	506	604	381	27	13	2
121138	530	604	381	28	14	2
125798	516	606	386	29	1	3
128034	492	607	387	30	2	3
130113	492	607	387	31	3	3
132320	480	608	386	32	4	3
134518	478	608	386	33	5	3
136846	484	608	386	34	6	3
139193	482	608	384	35	7	3
141739	477	608	390	36	8	3
143816	488	609	402	37	9	3
145745	480	609	410	38	10	3
147675	463	609	417	39	11	3
149624	473	609	423	40	12	3
151703	469	609	429	41	13	3
153942	458	609	434	42	14	3
158641	448	610	442	43	1	4
160718	452	610	442	44	2	4
162992	461	610	443	45	3	4
164912	456	610	445	46	4	4
166970	475	610	446	47	5	4
168931	486	611	444	48	6	4
170900	476	611	441	49	7	4
172908	479	611	435	50	8	4
174849	480	611	423	51	9	4
176877	472	611	416	52	10	4
178856	469	611	412	53	11	4
180796	482	611	412	54	12	4
182766	485	612	414	55	13	4
184706	507	612	414	56	14	4
189326	504	614	412	57	1	5
191455	492	614	412	58	2	5
193385	487	615	411	59	3	5
195305	471	616	408	60	4	5
197354	473	616	404	61	5	5
199511	476	616	396	62	6	5
201829	477	616	392	63	7	5
204052	475	616	392	64	8	5
206031	486	616	401	65	9	5
207971	477	617	408	66	10	5
210069	462	616	414	67	11	5
212009	466	616	417	68	12	5
213988	455	616	418	69	13	5
215927	447	616	423	70	14	5
220665	454	615	424	71	1	6
222812	460	615	423	72	2	6
224732	472	615	426	73	3	6
226672	467	615	426	74	4	6
228612	475	615	425	75	5	6
230729	478	615	423	76	6	6
232659	470	615	421	77	7	6
234711	467	614	414	78	8	6
236700	467	614	400	79	9	6
238748	476	613	390	80	10	6
240688	471	613	383	81	11	6
242710	489	612	381	82	12	6
244868	496	612	381	83	13	6
246877	503	612	380	84	14	6
251735	498	613	380	85	1	7
253961	495	613	375	86	2	7
255890	488	614	375	87	3	7
257939	470	614	374	88	4	7
259888	471	614	369	89	5	7
261886	457	613	363	90	6	7
263915	457	613	361	91	7	7
266022	457	612	366	92	8	7
268063	469	612	376	93	9	7
270082	467	612	386	94	10	7
272022	466	612	395	95	11	7
273972	472	611	402	96	12	7
275901	461	611	404	97	13	7
277939	457	610	408	98	14	7
282618	461	610	412	99	1	8
284657	463	610	415	100	2	8
286700	475	610	416	101	3	8
288738	468	610	419	102	4	8
290835	468	610	421	103	5	8
293291	472	610	421	104	6	8
295577	458	609	416	105	7	8
297864	457	609	408	106	8	8
299805	458	608	396	107	9	8
301864	471	608	388	108	10	8
303894	471	608	382	109	11	8
305883	489	607	382	110	12	8
307871	495	607	385	111	13	8
309822	498	607	387	112	14	8
314699	498	608	396	113	1	9
316916	498	609	395	114	2	9
318896	493	609	392	115	3	9
320815	475	610	390	116	4	9
323021	479	610	382	117	5	9
324951	465	609	375	118	6	9
326963	464	609	371	119	7	9
328932	467	609	373	120	8	9
330870	479	609	378	121	9	9
332822	473	609	388	122	10	9
334781	477	609	399	123	11	9
336770	481	609	407	124	12	9
338690	469	609	412	125	13	9
340629	467	609	415	126	14	9
345416	471	609	423	127	1	10
347346	471	609	427	128	2	10
349247	483	609	430	129	3	10
351314	483	609	431	130	4	10
353293	484	609	432	131	5	10
355293	491	609	433	132	6	10
357222	479	609	433	133	7	10
359231	474	609	428	134	8	10
361219	475	609	419	135	9	10
363168	486	609	410	136	10	10
365222	475	609	407	137	11	10
367182	489	609	407	138	12	10
369112	495	608	410	139	13	10
371130	492	608	412	140	14	10
375760	490	609	421	141	1	11
378018	481	610	421	142	2	11
380056	477	610	419	143	3	11
382005	467	611	415	144	4	11
383984	479	611	408	145	5	11
385923	476	610	402	146	6	11
387892	479	610	400	147	7	11
389840	482	610	403	148	8	11
391898	495	611	408	149	9	11
393847	485	611	414	150	10	11
395787	475	611	420	151	11	11
397748	475	611	427	152	12	11
399678	462	611	430	153	13	11
401671	463	611	430	154	14	11
406758	463	611	437	155	1	12
408945	460	611	441	156	2	12
410934	472	611	441	157	3	12
412864	473	611	444	158	4	12
414903	482	612	445	159	5	12
416862	494	612	446	160	6	12
418801	481	612	444	161	7	12
420790	479	612	443	162	8	12
422857	477	612	438	163	9	12
424807	478	612	431	164	10	12
426757	467	612	426	165	11	12
428696	477	612	427	166	12	12
430697	479	612	431	167	13	12
432834	485	612	434	168	14	12
437643	479	612	435	169	1	13
439612	486	613	434	170	2	13
441580	488	613	433	171	3	13
443564	476	614	433	172	4	13
445602	484	614	427	173	5	13
447561	477	614	424	174	6	13
449559	471	614	424	175	7	13
451489	477	614	426	176	8	13
453429	488	615	430	177	9	13
455377	480	615	435	178	10	13
457327	479	615	439	179	11	13
459307	479	615	444	180	12	13
461279	467	615	445	181	13	13
463266	466	616	447	182	14	13
468035	462	616	448	183	1	14
470154	463	616	448	184	2	14
472292	475	616	451	185	3	14
474242	469	616	453	186	4	14
476260	464	616	453	187	5	14
478190	470	616	454	188	6	14
480232	458	616	452	189	7	14
482192	455	616	450	190	8	14
484121	464	616	444	191	9	14
486189	476	616	438	192	10	14
488119	473	616	435	193	11	14
490186	484	616	437	194	12	14
492195	481	615	437	195	13	14
494196	479	615	441	196	14	14
499351	472	615	437	197	1	15
501509	474	616	432	198	2	15
503497	479	616	429	199	3	15
505426	467	616	425	200	4	15
507425	467	616	418	201	5	15
509394	456	616	411	202	6	15
511333	446	616	411	203	7	15
513283	445	616	414	204	8	15
515222	459	616	419	205	9	15
517172	456	616	428	206	10	15
519254	458	616	432	207	11	15
521392	467	616	438	208	12	15
523371	457	616	441	209	13	15
525361	455	616	442	210	14	15
530060	452	616	450	211	1	16
532397	455	616	453	212	2	16
534446	464	616	454	213	3	16
536722	456	616	458	214	4	16
538750	456	616	458	215	5	16
540770	455	616	451	216	6	16
542939	443	616	447	217	7	16
545315	445	615	443	218	8	16
547403	453	615	436	219	9	16
549403	465	615	430	220	10	16
551431	466	615	424	221	11	16
553380	477	615	425	222	12	16
555429	472	615	426	223	13	16
557521	472	615	432	224	14	16
562173	472	615	437	225	1	17
564550	470	616	435	226	2	17
566679	479	616	431	227	3	17
568629	471	616	428	228	4	17
570608	474	617	425	229	5	17
572597	464	617	420	230	6	17
574566	455	617	421	231	7	17
576545	453	617	424	232	8	17
578534	464	617	428	233	9	17
580523	463	617	433	234	10	17
582472	458	617	438	235	11	17
584630	464	617	444	236	12	17
586589	457	617	449	237	13	17
588538	453	617	451	238	14	17
593545	452	617	459	239	1	18
595524	455	618	461	240	2	18
597698	462	618	462	241	3	18
599618	456	618	463	242	4	18
601588	464	618	464	243	5	18
603528	473	618	463	244	6	18
605596	463	618	461	245	7	18
607676	464	618	454	246	8	18
609784	476	618	447	247	9	18
611734	476	618	438	248	10	18
613773	471	618	428	249	11	18
615712	475	618	427	250	12	18
617662	466	618	427	251	13	18
619602	470	618	429	252	14	18
624430	469	618	439	253	1	19
626519	462	618	433	254	2	19
628450	474	618	428	255	3	19
630400	469	618	424	256	4	19
632398	476	618	415	257	5	19
634427	479	618	413	258	6	19
636421	467	618	412	259	7	19
638469	465	618	418	260	8	19
640458	473	618	422	261	9	19
642665	463	618	430	262	10	19
644714	450	618	437	263	11	19
646772	458	618	443	264	12	19
648781	454	618	446	265	13	19
650741	454	618	450	266	14	19
655628	462	618	453	267	1	20
657686	468	618	456	268	2	20
659625	468	618	458	269	3	20
661657	457	618	459	270	4	20
663667	468	618	456	271	5	20
665765	477	618	455	272	6	20
667804	467	618	452	273	7	20
669883	472	618	447	274	8	20
671961	485	618	443	275	9	20
673964	486	618	439	276	10	20
675963	483	618	432	277	11	20
677914	488	618	429	278	12	20
679913	477	618	430	279	13	20
681852	482	618	434	280	14	20
686682	496	618	437	281	1	21
688790	492	619	434	282	2	21
690798	501	619	429	283	3	21
692780	494	620	423	284	4	21
694848	484	620	418	285	5	21
696768	482	620	418	286	6	21
698797	470	620	421	287	7	21
700776	462	620	427	288	8	21
702736	478	620	430	289	9	21
704714	480	620	436	290	10	21
706693	467	620	442	291	11	21
708672	480	620	446	292	12	21
710650	483	620	453	293	13	21
712723	472	620	458	294	14	21
718476	480	620	470	295	1	22
720584	490	621	472	296	2	22
722584	488	621	472	297	3	22
724633	473	621	472	298	4	22
726832	480	621	472	299	5	22
728753	472	621	470	300	6	22
730682	458	621	467	301	7	22
732770	463	621	467	302	8	22
734730	476	621	465	303	9	22
736778	480	621	461	304	10	22
738738	494	621	455	305	11	22
740698	508	621	450	306	12	22
742647	500	621	448	307	13	22
744607	502	621	449	308	14	22
